Number of Real Summaries 17541
Number of Sources 5487
Total data found 1090549
[0 0 0 ... 0 0 0]
[     16      53      56 ... 1089752 1089780 1090067]
Between GTP and Padded GTP Agreement: 1011215, Disgreement:78872 out of 1090087
Original GTP was better in 48541 cases and Padded GTP was better in 30331 cases

##########################
Overall Statistics
###########################
Number of Correct Summaries 16042
                              GTP    GTP (avg)      New GTP  New GTP (avg)
Accepted              338541.0000  327828.0000  356751.0000    347021.0000
Generated            1090087.0000 1090087.0000 1090087.0000   1090087.0000
Percentage Accepted       31.0563      30.0736      32.7268        31.8343
Atleast 1               7941.0000    8747.0000    8136.0000      8977.0000
Percentage Atleast 1      49.5013      54.5256      50.7169        55.9594
LM Change                  0.0046       0.0022       0.0049         0.0017
Perc Best LM              24.3922      29.6534      26.1252        31.0123
Correlation                0.0097       0.0025       0.0000         0.0096

##########################
Rule wise Statistics
###########################
Percentage of Accepted SMICs
       GTP  GTP (avg)  New GTP  New GTP (avg)
1  32.5865    31.4533  34.3505        33.0449
2  32.1750    29.1767  34.0550        31.1171
3  31.9578    31.0434  34.0020        33.0433
4  32.2530    30.6166  33.4913        32.0066
5  30.5428    29.6170  32.1765        31.3037
6  30.4962    28.9811  31.9251        30.2185
7  31.0047    29.9850  32.8862        32.1883
8  31.1152    29.8787  32.5940        31.8391
9  31.0670    29.9960  32.7334        31.8973
10 29.5459    29.1719  30.8470        30.7469
11 30.2566    30.5666  31.9111        32.3385
12 30.0038    29.5551  31.0647        30.9305

Percentage Contribution
       GTP  GTP (avg)  New GTP  New GTP (avg)
1  15.3497    14.8159  16.1806        15.5656
2   1.7339     1.5723   1.8352         1.6769
3   4.6872     4.5531   4.9870         4.8464
4   1.5079     1.4314   1.5658         1.4964
5  36.0453    34.9526  37.9732        36.9432
6   3.7635     3.5765   3.9398         3.7292
7  10.7866    10.4318  11.4412        11.1983
8   3.5677     3.4259   3.7372         3.6507
9  13.9156    13.4359  14.6620        14.2875
10  1.6568     1.6358   1.7298         1.7242
11  4.8724     4.9223   5.1388         5.2076
12  2.1135     2.0819   2.1882         2.1788

Percentage of SMC with at least 1 accepted SMIC
       GTP  GTP (avg)  New GTP  New GTP (avg)
1  33.2159    38.6931  34.5154        39.7651
2  30.0268    31.9184  31.8290        33.5419
3  31.8173    35.4377  33.5317        37.1823
4  30.8271    31.9457  32.2391        33.9079
5  40.2507    45.2639  41.2863        46.8074
6  32.0304    34.5096  33.0601        35.3294
7  35.1055    39.5924  36.5511        41.1960
8  31.9337    34.5856  33.2351        35.9853
9  35.0940    39.5921  36.1747        41.0990
10 30.2174    32.6875  31.4894        34.3145
11 32.9099    36.8246  34.2946        38.3967
12 31.1397    33.3383  31.9474        34.4750

##########################
Bucketing
###########################

Percentage of SMCs with SMIC count bucketing
                  GTP  GTP (avg)  New GTP  New GTP (avg)
accepted_smic                                           
0.0000        50.4987    45.4744  49.2831        44.0406
1.0000         5.4170     5.6601   5.3298         5.2674
2.0000         3.1916     3.3350   3.2228         3.3786
3.0000         2.2877     2.3563   2.2316         2.4062
4.0000         1.7579     1.9262   1.7080         2.0322
5.0000         1.3901     1.4026   1.4026         1.5646
6.0000         1.1719     1.2405   1.1782         1.2592
7.0000         1.1221     1.2841   1.0971         1.2717
8.0000         0.9226     1.1283   1.0036         1.2031
9.0000         0.7231     0.8789   0.7667         0.9911
10.0000        0.8041     0.9600   0.7792         0.9974
11.0000        0.6296     0.8540   0.6545         0.8914
12.0000        0.7356     0.8228   0.7605         0.8104
13.0000        0.5797     0.6109   0.5361         0.7231
14.0000        0.6234     0.6982   0.6670         0.7917
15.0000        0.5049     0.6545   0.4426         0.5735
16.0000        0.5984     0.8665   0.5548         0.7480
17.0000        0.5486     0.6234   0.4675         0.6296
18.0000        0.4925     0.6421   0.5236         0.6296
19.0000        0.5486     0.6047   0.5299         0.6421
20.0000       25.4519    27.9766  26.8607        29.1485

Percentage of Accepted SMICs with SMIC count bucketing
                  GTP  GTP (avg)  New GTP  New GTP (avg)
accepted_smic                                           
0.0000         0.0000     0.0000   0.0000         0.0000
1.0000         1.9219     1.9093   1.9143         1.9431
2.0000         3.8397     3.5804   3.6002         3.6384
3.0000         4.7712     5.3455   4.9993         5.4814
4.0000         6.1720     7.0851   6.9170         7.1965
5.0000         8.4985     8.8933   8.0260         8.7383
6.0000         8.7857    11.0107  10.4487        10.5907
7.0000         9.9150    12.4235  11.1665        11.3243
8.0000        12.9272    13.3419  12.5049        12.9759
9.0000        13.0061    15.3800  13.9509        13.8555
10.0000       16.6818    15.6967  15.8428        16.2075
11.0000       15.8488    15.2130  15.1874        17.6702
12.0000       18.6832    20.5208  18.3023        21.7059
13.0000       17.1660    24.0604  18.8501        23.6921
14.0000       21.1768    24.9602  20.8432        24.4668
15.0000       19.4058    21.2665  24.3707        26.2807
16.0000       23.2410    29.8925  25.5380        26.6445
17.0000       24.7518    28.5139  22.4077        35.7039
18.0000       25.7236    26.4933  24.8357        31.8445
19.0000       26.6497    35.9329  30.7093        34.8407
20.0000       17.7600    20.2741  17.9504        20.1771
